"Dataset_ID","shrub","grass","herb","B","N","BIOME_NAME"
206,7.24989577145946,24.127574038618,4.97595627942714,33.4105384880525,30.236035422443,"Tundra"
208,3.6090057679319,19.2229376449906,16.3479457209596,44.0794541350459,16.7406567310719,"Tundra"
224,50.3172554592004,11.9539331466641,35.5934015822086,1.58393624593415,0.551473565992733,"Tundra"
253,7.02716182810449,12.9243319698638,1.68649133807915,36.7013575485136,41.660657315439,"Tundra"
267,16.8845155017838,36.9139520992433,38.4671687721076,2.46293504661346,5.27142858025178,"Tundra"
268,6.0271055682062,65.2480124035365,24.3315555827542,1.71245767620437,2.68086876929866,"Tundra"
269,8.64222762621855,39.4025619479373,50.7481176274945,0.149054990535008,1.0580378078146,"Tundra"
317,30.3206934549556,34.7531639380949,8.66903744492508,0.559245210957728,25.6978599510667,"Tundra"
507,84.9320660421617,6.2195956247638,3.75743432747429,4.05905991121667,1.0318440943836,"Tundra"
527,6.90941398193309,44.8539733253475,11.5773002909093,25.3191871896092,11.3401252122009,"Tundra"
688,9.66616623163914,55.078836079336,28.9877072943239,3.43711758904147,2.8301728056595,"Tundra"
715,54.8037510945342,20.3926894349262,18.3550145523886,6.37552416021022,0.0730207579408146,"Tundra"
811,22.7175756023358,34.539231975495,1.412154040821,32.1987932907078,9.13224509064041,"Tundra"
820,16.1734885683421,33.5216397275421,2.41030473253911,31.9438295562417,15.950737415335,"Tundra"
866,47.4645651460472,24.6582583109886,8.44421059621263,14.4907170941194,4.9422488526322,"Tundra"
968,19.089370402715,8.06595966452767,16.6090643828725,20.5302949642424,35.7053105856425,"Tundra"
1024,15.4192094285175,42.8875252425685,7.15303975704612,29.3576123461027,5.18261322576517,"Tundra"
1028,7.25027955478103,35.8718977817807,19.0678176165278,20.5919376357051,17.2180674112055,"Tundra"
1104,3.33300055249725,4.62964091319454,0.869090357169996,17.4417513688945,73.7265168082438,"Tundra"
1107,11.860843066869,17.8641246519428,5.13315789882939,45.373556520905,19.7683178614538,"Tundra"
1142,47.6727692833215,45.6632007605863,2.6160232270815,2.36599627528964,1.68201045372107,"Tundra"
1161,4.29600627673218,82.3975230307269,12.7977047775323,0.45118846331006,0.0575774516985348,"Tundra"
1432,25.2007547413204,37.0901243869919,5.84732458310726,28.3222203120058,3.53957597657473,"Tundra"
1445,7.3409003416775,26.4015940384959,4.9994581174674,37.3895808829398,23.8684666194194,"Tundra"
1599,32.9066193976282,22.0693172606779,5.81014110536027,26.1567693237482,13.0571529125854,"Tundra"
1601,22.7053747384825,27.7499530415446,8.67558271066794,22.2718338154343,18.5972556938706,"Tundra"
1603,34.975872106134,16.3047913336748,9.38666238382687,26.8205892644323,12.512084911932,"Tundra"
1604,15.2987037091166,38.2575463089053,41.8489449224106,1.43560019052538,3.15920486904217,"Tundra"
1617,6.26101333873485,10.2191456209804,5.88807087482989,37.7816841759949,39.8500859894599,"Tundra"
1632,4.87221840115829,1.17438316233102,0.936930909837774,9.65163380134216,83.3648337253308,"Tundra"
1659,11.6879313733759,33.2457930164916,2.04872675409745,16.6560478833121,36.361500972723,"Tundra"
1724,21.3120815697367,2.88015520673653,4.88449337019854,35.6033933917614,35.3198764615668,"Tundra"
1783,10.6550135647157,33.8040786416162,12.7955600281647,5.72625000349125,37.0190977620122,"Tundra"
1788,58.160782281151,0,2.78553241796638,17.0810486035679,21.9726366973147,"Tundra"
1979,33.9982020434951,11.9683128829129,14.7277007905012,30.7608373095923,8.5449469734986,"Tundra"
1987,8.20606833234577,18.3873546446879,5.36314711720746,63.2896400132304,4.75378989252849,"Tundra"
2004,31.4450961458961,0,5.92909251522002,42.1812535139938,20.4445578248901,"Tundra"
2025,9.65809489899547,16.8879101231011,11.6461688193732,42.1593506821333,19.6484754763969,"Tundra"
2045,17.1262705074383,17.1896451590385,11.2176787332464,44.5808888756674,9.8855167246093,"Tundra"
2047,12.3668903277438,19.4580423648099,3.83013697850753,58.0143040976231,6.33062623131569,"Tundra"
2050,6.28280154253634,18.0685207814647,16.6973033321998,47.4178240205405,11.5335503232586,"Tundra"
2054,18.5946358537287,16.6382984006808,1.57035576231146,52.6398450866437,10.5568648966352,"Tundra"
2297,21.5491064611346,21.2074376662803,41.7244530256007,8.80282974290012,6.71617310408428,"Tundra"
2324,13.6256235890391,37.2418300534314,2.53827535481467,24.5576124790895,22.0366585236253,"Tundra"
2351,6.02428061025045,24.7025585721818,0.627550432318847,50.9071185717166,17.7384918135323,"Tundra"
2352,11.7515740233357,44.2826928531697,2.71029668997688,20.0030453200449,21.2523911134728,"Tundra"
2362,14.3616286492483,36.3405410119545,27.0950079818194,13.275125160378,8.92769719659975,"Tundra"
2363,20.8517723748894,25.5499940467,12.0210952278734,23.6717596079694,17.9053787425677,"Tundra"
2476,19.5665527513008,32.6792065325394,6.44946412025449,34.5725046754176,6.7322719204877,"Tundra"
2625,14.6556034411452,23.3409138655055,8.15348914736159,34.4891719833433,19.3608215626445,"Tundra"
2637,4.48084953635672,32.9632856733989,9.61353284709347,18.5767531864916,34.3655787566593,"Tundra"
2660,15.2518443380825,13.3309199621687,6.38629519156288,19.3955309299343,45.6354095782516,"Tundra"
2661,11.6025279313469,11.9182994497157,3.08735633516552,57.00857060282,16.3832456809518,"Tundra"
2882,10.0640464788195,10.0595609292524,1.79338847693801,70.8687416111664,7.21426250382367,"Tundra"
3033,7.33365845750366,26.4651749977332,2.86498388223107,28.0309961153487,35.3051865471834,"Tundra"
3471,12.8124757430954,33.0936270325113,18.5772937220409,12.9501126039976,22.5664908983549,"Tundra"
4257,21.9836349547037,45.2364295048335,5.56139566085999,17.9617979276427,9.2567419519601,"Tundra"
4286,22.6360332078083,29.3016680769798,4.28413526768587,34.5557482901797,9.22241515734633,"Tundra"
14930,24.3385511026897,46.2263701326258,16.281847710075,8.81629375858506,4.33693729602447,"Tundra"
14948,24.1229131855281,48.3526415478186,24.4721876037911,1.34285552215712,1.70940214070514,"Tundra"
15185,11.3752633337872,20.4701233406953,1.97929404502894,37.6071158805619,28.5682033999266,"Tundra"
15323,17.7852616386906,33.7479898356783,3.7548642804961,5.20988467193806,39.501999573197,"Tundra"
15359,10.3209460810481,1.90666810384862,6.96177818997563,27.8359083252325,52.9746992998951,"Tundra"
15392,72.2144914588784,16.1661377102873,6.26856900806588,5.13989303763754,0.210908785130931,"Tundra"
15719,42.2175784672698,35.4115491370316,16.3729868071769,4.56197730323973,1.43590828528194,"Tundra"
15746,19.3619946874248,47.5708467803305,15.1967318631835,11.5814641641504,6.28896250491078,"Tundra"
15783,17.2467110816447,37.141293880942,37.7805507518703,2.42116924947446,5.4102750360685,"Tundra"
15785,6.22475182308114,67.0859144985295,22.1471723831851,1.75860333365385,2.78355796155041,"Tundra"
15789,8.65580208887453,39.4449499060168,50.6934354736957,0.150017413239037,1.05579511817392,"Tundra"
15811,20.0393178123526,23.8870258354236,4.1643199968838,39.264794602757,12.644541752583,"Tundra"
15814,8.04172476118776,8.75568725190059,3.08639121388876,53.9869393179412,26.1292574550817,"Tundra"
15829,26.6689558235027,34.2681673858444,19.0002046560151,9.17535897897656,10.8873131556612,"Tundra"
15976,3.59413577124691,21.3457372042341,9.38684834990521,57.5341958147264,8.13908285988734,"Tundra"
16109,40.5365342142693,51.0751925034961,7.93524599129508,0.445429116091418,0.0075981748480365,"Tundra"
16236,8.47479443086293,61.5754315056981,5.6238618187318,18.5695447865807,5.75636745812645,"Tundra"
16238,26.61464579009,35.798705277073,8.08376489401317,26.9579279089968,2.54495612982703,"Tundra"
16241,23.1167001760401,47.3659312451906,9.85583628171033,18.707458752863,0.954073544196053,"Tundra"
17320,16.6300560425636,34.2962527497418,19.0836054924517,27.8000360988991,2.19004961634378,"Tundra"
17322,9.08210701845468,18.2868598331073,4.48304856102549,46.0881004712689,22.0598841161436,"Tundra"
17324,29.3166377036779,44.0146920265235,3.75574487254764,22.7159818670438,0.196943530207175,"Tundra"
17326,15.9714273926714,13.3003791684676,4.88075302695502,65.6513003527855,0.196140059120513,"Tundra"
17338,2.9138478111908,6.00155397603263,0,17.1891928109731,73.8954054018035,"Tundra"
17352,9.96659424086855,17.7947380873368,1.38746038892603,43.6822738892609,27.1689333936077,"Tundra"
17359,15.9441594783248,25.3895797116874,3.37681095130433,24.2460977273829,31.0433521313006,"Tundra"
17383,5.60613496232229,17.9245816562886,3.38471204046031,42.5662578608274,30.5183134801014,"Tundra"
17385,9.45370632425497,19.972995836503,9.63989754836673,36.8401416207983,24.093258670077,"Tundra"
17391,7.08342456427907,45.2684139354744,6.64989717515322,37.6150484947581,3.38321583033523,"Tundra"
17400,1.4429862062059,45.7132932286359,7.529661560572,16.7197203132182,28.594338691368,"Tundra"
17402,15.7736639531925,48.8860426843085,7.57481206169728,23.8417418634432,3.92373943735856,"Tundra"
19264,25.9761264176511,25.6535170494237,47.0419243578687,1.28122027238895,0.0472119026674725,"Tundra"
19266,65.0679112462436,25.911027670646,5.94459424002501,2.0651133617954,1.01135348128996,"Tundra"
19323,40.9734561871238,18.8666535066336,0.712919033246403,34.3979386416484,5.04903263134773,"Tundra"
19814,16.6838700096838,29.4443234113794,0.650460551061153,46.2622704315882,6.95907559628743,"Tundra"
20018,19.9763302341846,37.0429114410653,10.5555660976666,15.1586581917625,17.266534035321,"Tundra"
20020,20.3520153007519,53.9592648876321,23.03136409777,0.298684797809645,2.35867091603641,"Tundra"
20029,34.0164878560816,52.6252291577349,9.05663229459191,0.227166539050358,4.07448415254118,"Tundra"
20034,25.7835338410416,33.1560355347294,6.682135465348,26.0323932332337,8.34590192564733,"Tundra"
20042,12.8527425143438,42.949661913247,38.2862921480872,3.47717945768779,2.43412396663414,"Tundra"
20046,17.1077515088374,52.9573672754695,16.6146358893283,5.82023459011549,7.50001073624934,"Tundra"
20050,15.7754164604277,46.967022062148,20.1408003258647,12.7934009811569,4.32336017040276,"Tundra"
20188,41.3457941270945,34.6135558861679,22.8713526286063,1.16929735813127,0,"Tundra"
20279,64.1611001831539,19.7042004185591,14.136247983593,0.144057164121657,1.85439425057237,"Tundra"
26565,7.26613426789338,59.9384057223053,10.1768985452393,4.99679494360978,17.6217665209523,"Tundra"
41183,2.49608553046997,3.59785081450067,6.38988972925316,66.9654492790733,20.5507246467029,"Tundra"
41264,24.6170960492898,46.5602816563297,0.565744419518182,0.0828426028580698,28.1740352720042,"Tundra"
41764,51.0055695048232,33.2803181605567,3.07661789973744,0.731966599752605,11.9055278351301,"Tundra"
44941,13.1705513848178,50.7189414221242,14.5133145294467,19.9876307950495,1.60956186856175,"Tundra"
45311,34.5628568153224,20.00016761999,9.90671170724841,29.7526354864673,5.7776283709719,"Tundra"
45345,5.78258606357616,55.3246284943075,21.5995281095349,10.5919775304774,6.70127980210396,"Tundra"
45347,11.1646788688784,36.9842783377204,11.6228881853188,15.1442505959163,25.0839040121661,"Tundra"
45349,17.2531886124634,38.9858921837407,15.4385007648417,11.6604640589739,16.6619543799802,"Tundra"
45351,9.71998729384722,27.1144767371869,10.930146257872,14.128989135389,38.1064005757049,"Tundra"
45639,21.24928644503,32.8202194840508,10.2982228424746,31.9160103220276,3.71626090641704,"Tundra"
45642,30.358195944089,36.2427836755495,16.9333900327133,13.1257508829462,3.33987946470193,"Tundra"
45707,18.481722982446,28.6414697349914,23.3209008281719,15.5406658795117,14.0152405748789,"Tundra"
45710,10.3562254579324,61.8961075439156,10.8767057658698,8.77555005882714,8.09541117345502,"Tundra"
45713,20.1664080018174,45.905414609559,14.776102654907,12.5144450981612,6.63762963555533,"Tundra"
45716,25.4875134701403,52.7038602062403,16.7167984577094,2.72141657660547,2.37041128930456,"Tundra"
45731,11.1723429861099,54.8404937232252,13.013762569001,13.1026865609312,7.87071416073269,"Tundra"
46447,25.1449378837535,27.1042280969036,11.1329367242567,27.8081685408498,8.80972875423633,"Tundra"
46488,12.7533205371477,53.7805293258336,13.6943311602446,11.8386925392311,7.93312643754303,"Tundra"
100254,32.9311797530832,31.0981824838028,23.2936090325268,2.34971489865219,10.327313831935,"Tundra"
100262,53.1521116307789,25.9130641141739,7.1490355964399,5.91805322751643,7.86773543109085,"Tundra"
100269,11.3837984648951,20.0862678379547,7.75783329070579,13.4539485357977,47.3181518706467,"Tundra"
100270,98.2232893447899,1.05423157176375,0.251156679008596,0.288538633326212,0.182783771111526,"Tundra"
100273,8.01069528197504,50.6666155735589,17.0502181140859,1.92130115908919,22.351169871291,"Tundra"
100275,32.9125153847175,37.6133385968996,12.7228208503673,12.8824547371975,3.86887043081819,"Tundra"
100278,23.0057340560306,20.99625446198,7.72484410786583,29.6967782083828,18.5763891657407,"Tundra"
100286,31.8418876600924,13.3529979440184,35.19830713737,18.3165836198074,1.29022363871182,"Tundra"
100302,54.4906991993799,19.5877962725198,9.68562712904181,14.677495561833,1.55838183722546,"Tundra"
100306,39.4007370794878,14.4157037965835,17.6244853052352,27.395440935336,1.16363288335748,"Tundra"
100311,24.5150213377139,43.852198977589,21.0210704825338,1.52491035529773,9.08679884686557,"Tundra"
100325,35.5371081,42.47524665,5.2151192,16.3395061,0.43301995,"Tundra"
100326,10.5272370842512,8.10633500748937,8.24100257342821,24.3848151353703,48.7406101994609,"Tundra"
100328,22.4599124151524,37.1139772709899,5.55212433409399,0.954303212632271,33.9196827671314,"Tundra"
100329,31.4070641159844,57.2152056937015,8.36999935292129,2.89178311962503,0.115947717767761,"Tundra"
100330,27.9651287387972,51.2124909462259,6.48323508933198,2.31697245318074,12.0221727724642,"Tundra"
1775,18.4984293721028,1.37917960234676,65.5283542390311,7.94376512970462,6.65027165681471,"Mangroves"
2630,8.66309898899581,11.0670107649225,68.310933961593,8.23104185437352,3.72791443011516,"Mangroves"
2632,34.923828692278,3.27250020790177,47.322578014926,11.1683795913482,3.31271349354598,"Mangroves"
25514,73.0447981017085,2.59609650214076,14.5172603874737,7.45577102665332,2.38607398202378,"Mangroves"
993,49.7847801407456,2.56650453535969,40.459861477274,1.83238562879258,5.35646821782813,"Flooded Grasslands & Savannas"
994,27.9957360791364,9.10286160245843,53.33531314327,2.74365524345303,6.82243393168211,"Flooded Grasslands & Savannas"
995,72.9073999906389,0,12.0339575319491,12.9834940305248,2.07514844688728,"Flooded Grasslands & Savannas"
1671,37.6773996516908,7.34111629133331,35.7109690222281,8.03430066685181,11.236214367896,"Flooded Grasslands & Savannas"
1818,62.1937975460329,3.77881956039175,27.594552400885,2.55667630703086,3.87615418565942,"Flooded Grasslands & Savannas"
1819,42.4759224465473,2.3171181299709,48.4917303242027,3.73563421549336,2.97959488378581,"Flooded Grasslands & Savannas"
2633,53.5779126859401,5.69397976456403,18.3544080164567,4.13786316852514,18.235836364514,"Flooded Grasslands & Savannas"
2943,12.1766934647799,12.4389430882937,65.0349352814689,5.24128512417099,5.10814304128645,"Flooded Grasslands & Savannas"
2944,20.096300428843,22.4987245783609,47.0244380861127,6.73510866528737,3.64542824139609,"Flooded Grasslands & Savannas"
2945,34.3890695068817,4.54481513958421,51.3939214835,3.94178868624671,5.73040518378736,"Flooded Grasslands & Savannas"
15371,36.6115078315219,5.41247691409353,30.1628830153318,5.54608790826748,22.2670443307853,"Flooded Grasslands & Savannas"
15377,38.3847472682037,2.86985017632675,53.3858665584093,2.8771254479307,2.48241054912954,"Flooded Grasslands & Savannas"
15379,33.1357341883103,3.62488674514099,44.8050864197747,1.52007488916433,16.9142177576098,"Flooded Grasslands & Savannas"
15381,25.8523741836518,3.64685761680846,57.4358760331745,1.52923516280859,11.5356570035567,"Flooded Grasslands & Savannas"
15383,31.1658086798669,4.09940031377586,18.3436170263594,3.27522598952157,43.1159479904763,"Flooded Grasslands & Savannas"
17417,1.98329705942777,0.871918001597604,3.54001729312285,4.39468243550799,89.2100852103438,"Flooded Grasslands & Savannas"
100057,16.2926212643397,18.3572769731824,32.5657732781245,21.4090150601569,11.3753134241964,"Flooded Grasslands & Savannas"
100058,25.4517105917913,6.10196375796866,29.290840028263,31.7520101016441,7.40347552033302,"Flooded Grasslands & Savannas"
100252,16.6941426404111,33.5640521861171,3.57725502026481,33.3486247421273,12.8159254110798,"Flooded Grasslands & Savannas"
4010,0,60.2239101011196,28.6192646930963,0.833697254168486,10.3231279516156,"Montane Grasslands & Shrublands"
14619,0.422429928545094,75.859579102744,20.4021315668244,1.10338292558469,2.2124764763018,"Montane Grasslands & Shrublands"
14648,5.5277143474614,29.4086964031923,38.1023596009693,26.2864169261761,0.674812722200936,"Montane Grasslands & Shrublands"
47671,12.3988301836668,28.288093153744,51.2240109958831,6.39866979286868,1.69039587383743,"Montane Grasslands & Shrublands"
47817,12.5462211221737,35.8097219384819,49.1711693176306,1.99996496633232,0.472922655381424,"Montane Grasslands & Shrublands"
100019,7.36349099408756,34.9568691230026,27.4600960862622,9.40747263141307,20.8120711652346,"Montane Grasslands & Shrublands"
100075,29.5482633118564,26.5331973708515,1.85351626520782,10.5114931729563,31.553529879128,"Montane Grasslands & Shrublands"
100085,48.8581988413169,23.0962237313386,9.24746677280027,17.40949211358,1.38861854096425,"Montane Grasslands & Shrublands"
100128,6.78080540365324,37.259342129011,45.4981447583643,6.62642573955957,3.83528196941197,"Montane Grasslands & Shrublands"
100137,0,60.6218786056855,37.8232642301199,0.872346395754606,0.682510768439963,"Montane Grasslands & Shrublands"
100149,13.1790198321448,16.2156214743454,7.91009726919155,8.46315684955793,54.2321045747603,"Montane Grasslands & Shrublands"
100153,49.3922086653559,5.75118577781759,39.3357661921387,3.86375472023402,1.65708464445382,"Montane Grasslands & Shrublands"
100154,34.6235094755571,11.5831145803078,48.1324760526311,1.81294754793288,3.84795234357116,"Montane Grasslands & Shrublands"
100157,10.063413587214,56.6749862458711,31.8345835889641,1.0433977319956,0.383618845955179,"Montane Grasslands & Shrublands"
100158,8.80216636681852,41.5658221303448,46.8998186476429,2.58148201318145,0.150710842012325,"Montane Grasslands & Shrublands"
100159,6.57297442232262,54.499213308147,37.2390720456999,0.606039523987531,1.08270069984291,"Montane Grasslands & Shrublands"
100179,6.18464520109038,26.2531827066697,59.5748747574206,3.45577082710278,4.53152650771654,"Montane Grasslands & Shrublands"
100181,7.16766992975193,44.7698620845196,28.1780172862522,6.05323782203577,13.8312128774405,"Montane Grasslands & Shrublands"
100184,0.484655391801106,40.6050874935515,58.8438002941997,0.0664568204477078,0,"Montane Grasslands & Shrublands"
100190,36.1661557531393,28.9827013106523,34.6221671207604,0.146663876888297,0.0823119385597662,"Montane Grasslands & Shrublands"
100194,51.0981884854976,33.9742465310989,11.1643380401064,0,3.763226943297,"Montane Grasslands & Shrublands"
100199,5.42329692304901,39.9371599697329,27.6553621425353,7.15160178039431,19.8325791842885,"Montane Grasslands & Shrublands"
100213,0,26.286194243569,58.7543446312283,14.9594611252027,0,"Montane Grasslands & Shrublands"
100219,1.48225552974251,70.7260980667433,27.6409543555736,0.106840865206508,0.0438511827340338,"Montane Grasslands & Shrublands"
100221,18.6973645014738,43.4965294320972,32.8426985554044,4.61944844565544,0.343959065369146,"Montane Grasslands & Shrublands"
100223,11.6164851116165,58.2544864582545,15.8897912658898,0.782751450782751,13.4564857134565,"Montane Grasslands & Shrublands"
100226,3.11344667224173,78.3137463054727,17.501555461411,0.544574256363435,0.526677304511101,"Montane Grasslands & Shrublands"
100229,1.27457779646773,77.1630316791527,20.9923050083232,0.322536686453459,0.247548829602949,"Montane Grasslands & Shrublands"
100237,5.77892700277742,30.0215923680946,36.1598576891216,26.8500082698249,1.18961467018148,"Montane Grasslands & Shrublands"
100238,0.804206611599134,29.9422080702596,9.82403433090236,0.872420333341929,58.557130653897,"Montane Grasslands & Shrublands"
100241,9.14423940638344,26.4802454736866,17.5609876867057,4.34925813350089,42.4652692997234,"Montane Grasslands & Shrublands"
100253,33.6073781038762,8.89419458110853,51.4504656263091,3.71435807783582,2.33360361087041,"Montane Grasslands & Shrublands"
100283,13.7629866023719,21.49297391601,47.6540850626517,6.21258399374771,10.8773704252187,"Montane Grasslands & Shrublands"
100284,12.8181991037432,24.865041673161,46.8858166864188,4.42865645540855,11.0022860812684,"Montane Grasslands & Shrublands"
100292,8.50915762925458,54.8551566524276,34.1049756920525,2.27318600113659,0.257524025128762,"Montane Grasslands & Shrublands"
100301,22.4086886182489,7.97765760968065,21.6099117272764,18.3141413365601,29.689600708234,"Montane Grasslands & Shrublands"
100304,9.02209950547237,60.370768009426,29.1237117040807,1.1501821881832,0.333238592837739,"Montane Grasslands & Shrublands"
100313,3.49325986971608,51.0805198314966,28.8420774460796,0.968296618936675,15.615846233771,"Montane Grasslands & Shrublands"
100320,9.36488143833957,29.8527392096387,55.2329958101606,0.543546532878284,5.0058370089828,"Montane Grasslands & Shrublands"
100321,9.54997156687607,9.26364482761332,38.9685280886802,0.134798294945064,42.0830572218853,"Montane Grasslands & Shrublands"
100322,8.02473835390549,63.6884654577099,25.8294595131058,2.25629425896709,0.201042416311742,"Montane Grasslands & Shrublands"
14928,5.48759520071072,23.2313116485658,31.8659227842421,22.713056130258,16.7021142362234,"Tropical & Subtropical Grasslands, Savannas & Shrublands"
14955,3.61100864923117,16.7522141832943,27.3381256440646,14.090611404872,38.2080401185379,"Tropical & Subtropical Grasslands, Savannas & Shrublands"
15864,0.981090397565079,36.4517105633893,45.2205890900736,16.2832307245143,1.06337922445772,"Tropical & Subtropical Grasslands, Savannas & Shrublands"
20,20.804827771831,19.82114203126,3.38670028146549,25.4660124086896,30.5213175067539,"Boreal Forests/Taiga"
25,3.06009556628363,3.25905292384401,0.794320630184184,6.4273632442398,86.4591676354484,"Boreal Forests/Taiga"
31,16.5947815353461,4.56149227227822,10.6654687513669,17.0379525979373,51.1403048430715,"Boreal Forests/Taiga"
258,1.11164056918771,3.01627149489679,1.93089115175292,22.195697832279,71.7454989518836,"Boreal Forests/Taiga"
303,3.33218529884909,13.34596201266,5.250567215353,23.4556373131288,54.6156481600091,"Boreal Forests/Taiga"
307,11.0801396545645,20.1909195961094,3.64186471653967,15.1697784854329,49.9172975473535,"Boreal Forests/Taiga"
311,4.67229419255336,6.13881536959394,6.19217551693927,39.6444592776881,43.3522556432253,"Boreal Forests/Taiga"
335,91.0287094833732,0.629756408186833,1.63948242131327,1.93668842517695,4.76536326194972,"Boreal Forests/Taiga"
336,5.45285558365073,6.50418535471442,2.50485119870876,17.8647984681492,67.6733093947769,"Boreal Forests/Taiga"
341,2.23725912522098,8.63099413296038,3.3133528012779,15.6412662519818,70.1771276885589,"Boreal Forests/Taiga"
354,7.49249882104158,12.7277884359019,4.10763281800659,17.2083499737341,58.4637299513157,"Boreal Forests/Taiga"
365,19.1168267868082,0,5.43395746200026,25.1783467655476,50.2708689856439,"Boreal Forests/Taiga"
381,20.4097963276212,4.38602898859925,0.679438229215844,25.0774515283304,49.4472849262333,"Boreal Forests/Taiga"
496,1.91676540998097,2.50114784564595,3.04921945564826,18.2748978835169,74.2579694052079,"Boreal Forests/Taiga"
501,7.30331940737381,2.65583862654467,5.28864282818435,31.7606903564872,52.99150878141,"Boreal Forests/Taiga"
519,6.7827543772679,1.92809173053043,4.59723670931667,17.7159222422932,68.9759949405917,"Boreal Forests/Taiga"
524,0.516797569508944,0.134702892052529,1.36960061919356,4.62682302701744,93.3520758922275,"Boreal Forests/Taiga"
675,7.40663681683658,6.92562487289971,5.81116756863755,30.5121488220712,49.344421919555,"Boreal Forests/Taiga"
677,8.74575056955985,2.72887433129397,1.99270206331746,22.5706987181746,63.9619743176541,"Boreal Forests/Taiga"
678,7.47862945790604,2.9486737439752,3.19989198920205,21.6677123883135,64.7050924206032,"Boreal Forests/Taiga"
682,31.2894331265575,7.72440243079611,24.0989950822196,10.3633405167625,26.5238288436644,"Boreal Forests/Taiga"
777,1.9707170734231,4.99192593928948,2.10582628531271,10.3442986602983,80.5872320416764,"Boreal Forests/Taiga"
778,8.40585535993384,8.01659911779685,8.04139479548099,20.9663079196028,54.5698428071855,"Boreal Forests/Taiga"
788,14.975491959185,7.29881824544597,3.12948649445161,10.274309517631,64.3218937832864,"Boreal Forests/Taiga"
792,42.0254451383435,12.588389833134,9.61390391022164,21.7968008277211,13.9754602905797,"Boreal Forests/Taiga"
802,36.0524455469358,0.817102915511369,2.53021148236675,10.7523850732714,49.8478549819147,"Boreal Forests/Taiga"
803,71.6024889744431,0.174270686354025,0.0918662515923484,3.9410883183122,24.1902857692983,"Boreal Forests/Taiga"
829,4.62359074349436,18.9429572674385,11.0626088775838,14.5720018166213,50.798841294862,"Boreal Forests/Taiga"
834,6.19370398893584,7.68793261729785,19.5384094189614,29.0931393654596,37.4868146093453,"Boreal Forests/Taiga"
856,1.7537028052676,1.58980217299962,24.1050560766505,35.4004364032305,37.1510025418518,"Boreal Forests/Taiga"
974,6.90278229459705,11.2495154337679,12.8694024238321,19.5890929252036,49.3892069225993,"Boreal Forests/Taiga"
976,2.66041534814825,1.29775984869016,1.17685881392616,13.169969039178,81.6949969500575,"Boreal Forests/Taiga"
978,1.35457538932271,17.4234368312883,3.57618578821191,13.6552291331724,63.9905728580047,"Boreal Forests/Taiga"
987,26.3845154352962,9.31962940240963,1.83153587318175,38.6252433233226,23.8390759657898,"Boreal Forests/Taiga"
1001,7.76982215536994,2.38608118904722,1.97660462475455,19.1439947264709,68.7234973043574,"Boreal Forests/Taiga"
1003,31.1758530681522,19.5419354783903,13.6211782570485,29.3789271514657,6.28210604494326,"Boreal Forests/Taiga"
1006,4.13074799734182,12.4851415773476,0.546724613617511,36.7067319503364,46.1306538613567,"Boreal Forests/Taiga"
1008,2.44763863373716,4.43220298947036,3.33074979178939,17.1509274353309,72.6384811496721,"Boreal Forests/Taiga"
1010,46.7720626785241,12.9400096872955,13.0289806666773,6.03339139714453,21.2255555703586,"Boreal Forests/Taiga"
1158,30.6907753309225,7.31225046877495,19.1100789389921,34.7057408294259,8.18115443188456,"Boreal Forests/Taiga"
1171,8.58167699661187,23.2017459410996,5.3186500921693,2.81319894373322,60.0847280263861,"Boreal Forests/Taiga"
1390,16.651855199689,24.3387916611146,12.0379207527963,37.1867783309224,9.78465405547774,"Boreal Forests/Taiga"
1391,0.691303806567386,5.10610958600804,4.78372122044535,21.8111448447059,67.6077205422733,"Boreal Forests/Taiga"
1437,5.01402622137974,3.35083020599518,3.66054830886007,39.1858299624689,48.7887653012961,"Boreal Forests/Taiga"
1450,12.0848592372459,42.9168486290695,10.3070114317432,10.9462845811954,23.7449961207461,"Boreal Forests/Taiga"
1451,13.7495060971652,6.93043368860213,5.17592678421069,15.882032618662,58.2621008113601,"Boreal Forests/Taiga"
1543,3.35023878639544,7.89349948745886,3.34212296112559,23.4574075799588,61.9567311850613,"Boreal Forests/Taiga"
1587,3.39202522061113,1.64530300401757,4.6579847025901,11.9229363284441,78.3817507443371,"Boreal Forests/Taiga"
1590,2.74883302176611,1.32220270255756,7.94017734062205,20.2535292050778,67.7352577299765,"Boreal Forests/Taiga"
1591,4.97313426110209,7.80069200035737,5.03781293085631,15.4630009712406,66.7253598364436,"Boreal Forests/Taiga"
1592,13.1422060060177,4.5423189267896,4.70700748482242,33.1333717137573,44.475095868613,"Boreal Forests/Taiga"
1594,4.73684488723687,2.34877826216217,3.57572435004511,11.9661796381449,77.372472862411,"Boreal Forests/Taiga"
1595,4.84219510037106,1.99649426689717,2.6369078023493,16.9500202972006,73.5743825331819,"Boreal Forests/Taiga"
1598,23.5430322600153,26.1435058375568,4.52350834580698,25.8410360610907,19.9489174955303,"Boreal Forests/Taiga"
1607,6.27174002508519,7.45138998623038,2.52667346429924,17.3666062001691,66.3835903242161,"Boreal Forests/Taiga"
1611,6.588178790889,27.6314706748087,47.3739503789316,10.576005254367,7.83039490100373,"Boreal Forests/Taiga"
1628,34.918034383989,23.9797737829843,6.52515889910893,5.52577533107893,29.0512576028388,"Boreal Forests/Taiga"
1650,0.852111706693768,0.871498654570897,0.384360557912519,6.00248014272842,91.8895489380944,"Boreal Forests/Taiga"
1656,6.05042923072836,7.17300233952185,7.53936454239169,26.4453553071553,52.7918485802028,"Boreal Forests/Taiga"
1680,3.28118703758124,2.15310939342109,24.702343777234,17.218606747679,52.6447530440847,"Boreal Forests/Taiga"
1684,7.57280829660104,17.6628854828607,2.06963945870493,45.1178368897296,27.5768298721037,"Boreal Forests/Taiga"
1687,6.54953316034394,17.2063734839533,10.4048244635918,4.36065639833609,61.4786124937748,"Boreal Forests/Taiga"
1704,8.68113344872011,9.56254140510368,1.22659088568977,47.6238338443886,32.9059004160978,"Boreal Forests/Taiga"
1709,4.32605251265137,21.8690359603839,2.2805780633727,21.0239527128732,50.5003807507188,"Boreal Forests/Taiga"
1733,3.69323993101584,2.42677620799154,6.12629125595329,24.9524535103842,62.8012390946551,"Boreal Forests/Taiga"
1755,5.87011562703963,16.0307255045713,4.9940882177749,26.5492508154598,46.5558198351544,"Boreal Forests/Taiga"
1769,1.33183814176012,1.54452517846718,1.57394997662813,3.72695071706558,91.822735986079,"Boreal Forests/Taiga"
1770,6.32887197215105,6.25612407189644,14.3125015000938,17.0420520096472,56.0604504462116,"Boreal Forests/Taiga"
1791,5.11826653856095,23.2115764735909,3.98281209638912,19.9615587253433,47.7257861661157,"Boreal Forests/Taiga"
1810,36.7374010520557,8.49337153004688,2.40378826322083,24.8348486865917,27.5305904680849,"Boreal Forests/Taiga"
1842,10.0230867744805,26.2853888335788,11.7670636852411,8.89200807492982,43.0324526317698,"Boreal Forests/Taiga"
1849,0,0,0.574878363207785,6.40769568990747,93.0174259468847,"Boreal Forests/Taiga"
1862,14.6598833408423,1.80117086687722,7.02501271333155,17.807095189015,58.706837889934,"Boreal Forests/Taiga"
1864,3.87121906629463,30.6102418992004,3.34099563221455,17.5228948875796,44.6546485147109,"Boreal Forests/Taiga"
1882,10.9558360420631,12.8680848161362,0.73951728196441,17.6297618780619,57.8067999817744,"Boreal Forests/Taiga"
1886,33.4525668830067,10.3348669234799,31.3214298048095,14.9490041791825,9.94213220952148,"Boreal Forests/Taiga"
1888,10.5681376461382,15.6342577933612,26.4127442306647,27.4776355759393,19.9072247538966,"Boreal Forests/Taiga"
1890,1.13580323580246,0.765577465430282,0.933037413337032,16.6768944665388,80.4886874188914,"Boreal Forests/Taiga"
1959,3.00986650473128,5.01281420218351,7.91612211928359,6.85539022650074,77.2058069473009,"Boreal Forests/Taiga"
2016,18.4249292633711,50.9608463028465,4.09225337507394,12.9239352608164,13.598035797892,"Boreal Forests/Taiga"
2022,7.29584899377509,4.91924642951548,11.5754206194525,28.851995523112,47.3574884341449,"Boreal Forests/Taiga"
2068,4.68711053750312,6.62505757199954,4.30712422804301,8.57409461890724,75.8066130435471,"Boreal Forests/Taiga"
2266,0,23.4777830308832,7.89133515843028,42.5259793546763,26.1049024560103,"Boreal Forests/Taiga"
2267,4.05237064298631,10.2244087592264,1.21256868950338,18.1769514256659,66.333700482618,"Boreal Forests/Taiga"
2268,25.9774386943672,3.9147750607945,11.0725729833911,20.4079581693881,38.6272550920591,"Boreal Forests/Taiga"
2359,64.3921775777246,4.81961264998608,4.26580097296926,7.53721988720538,18.9851889121147,"Boreal Forests/Taiga"
2367,3.03488327005622,2.18973589696007,5.34125612997001,35.0101574521767,54.423967250837,"Boreal Forests/Taiga"
2579,41.660255928439,23.8186591034178,11.4588786505827,21.182273004188,1.87993331337243,"Boreal Forests/Taiga"
2583,30.0894060189651,8.69253656325378,2.57038192649922,39.385437041483,19.2622384497989,"Boreal Forests/Taiga"
2590,7.11117487956075,2.8377950312803,2.65871004168487,11.1741567856938,76.2181632617803,"Boreal Forests/Taiga"
2610,10.187232633751,2.06177879879605,1.78622355283532,23.9667918234825,61.9979731911351,"Boreal Forests/Taiga"
2611,10.1806832347165,9.10794890626469,4.29218580664779,14.3649558570992,62.0542261952718,"Boreal Forests/Taiga"
2622,8.959859320544,12.9650210334859,2.52430265857371,48.3053065201809,27.2455104672155,"Boreal Forests/Taiga"
2642,6.62406940719562,24.2511590814325,3.08951450889003,21.5237684941582,44.5114885083237,"Boreal Forests/Taiga"
2669,3.23275116702576,8.9558380414259,12.5812552885563,20.9312973721069,54.2988581308852,"Boreal Forests/Taiga"
2951,23.0958302038083,1.09358374781283,2.35721549528557,26.794484146411,46.6588864066822,"Boreal Forests/Taiga"
2954,8.18966711605591,10.8877588884005,0.570190644155546,31.7996996990531,48.552683652335,"Boreal Forests/Taiga"
2962,16.5011313805192,16.9242091877116,4.2560468723528,24.2245113118167,38.0941012475997,"Boreal Forests/Taiga"
3046,6.78376720384617,0.947265909772922,8.28263858607868,34.0849008034132,49.901427496889,"Boreal Forests/Taiga"
3125,10.6582905831248,13.1966772282936,16.4712688360593,26.5773326847385,33.0964306677839,"Boreal Forests/Taiga"
3149,16.6109980789912,19.0144106164574,1.91305306588481,21.5417547469235,40.9197834917431,"Boreal Forests/Taiga"
3771,3.12489815624328,39.5510793103712,6.52592083071077,13.8349637631076,36.9631379395671,"Boreal Forests/Taiga"
3866,7.45073145257149,5.5704476472671,4.40060837784509,38.4867101265744,44.0915023957419,"Boreal Forests/Taiga"
3928,4.01541968374558,57.9155296943938,3.01295020028632,9.21277199798926,25.8433284235851,"Boreal Forests/Taiga"
3945,2.07807952194593,4.67636488686907,2.66976591395816,2.63147556447508,87.9443141127518,"Boreal Forests/Taiga"
3975,6.56232905099303,6.31748143926412,2.3346842029172,7.79043037622632,76.9950749305993,"Boreal Forests/Taiga"
4017,4.97171332237271,27.6508709244289,9.38418101722881,27.1409412971342,30.8522934388353,"Boreal Forests/Taiga"
4030,0,1.9856633284337,17.2796174825449,35.8403728156947,44.8943463733267,"Boreal Forests/Taiga"
4078,13.7041663323493,26.4000761484673,8.88408862792536,19.0381355657987,31.9735333254593,"Boreal Forests/Taiga"
4092,3.74724474357825,10.2625869485425,1.91952414548551,29.9279442100464,54.1426999523473,"Boreal Forests/Taiga"
4133,16.2189563895084,10.7370438008656,4.38405611074254,32.4789854338018,36.1809582650816,"Boreal Forests/Taiga"
4134,36.1975247802914,10.1802666307106,3.64333962372959,19.3663300940476,30.6125388712208,"Boreal Forests/Taiga"
4136,13.6109130727926,34.9874784723897,5.87328960550094,19.3695515234686,26.1587673258481,"Boreal Forests/Taiga"
4138,0,34.4386021405784,2.71936170578319,6.57693999888294,56.2650961547555,"Boreal Forests/Taiga"
4145,13.2004848219173,40.4587956964019,8.73997883745424,14.0001056255038,23.6006350187227,"Boreal Forests/Taiga"
4151,22.1835937504617,28.1197593077046,5.5583036862765,15.8239244942908,28.3144187612664,"Boreal Forests/Taiga"
4168,6.01006105416996,19.9013720748035,8.11513513050135,15.0544393413421,50.9189923991831,"Boreal Forests/Taiga"
4169,58.6952213467777,0,0,15.5277564102658,25.7770222429565,"Boreal Forests/Taiga"
4183,13.831021991739,61.2040331890466,1.6783546027618,6.36487154066545,16.9217186757872,"Boreal Forests/Taiga"
4200,7.16829192673168,17.0243416909737,4.55936852237474,13.78274926131,57.4652485986099,"Boreal Forests/Taiga"
4239,1.6015943991992,78.2571808608714,1.5065965992467,7.49763439625118,11.1369937444315,"Boreal Forests/Taiga"
4245,31.7408372343423,3.22200458952849,5.76114535627628,15.0313585636481,44.2446542562049,"Boreal Forests/Taiga"
4259,5.04454985849218,27.9089547513588,18.0587277979384,26.4340904719679,22.5536771202427,"Boreal Forests/Taiga"
4304,4.17375537521266,6.51565205796956,4.04684962140549,10.4834625270039,74.7802804184084,"Boreal Forests/Taiga"
4317,0.214046261823433,2.30702803187153,1.61970278812735,1.26357393173148,94.5956489864462,"Boreal Forests/Taiga"
4347,63.6411641524936,1.75548408075227,2.67651902311987,10.361107826611,21.5657249170233,"Boreal Forests/Taiga"
4360,2.05550380755411,83.6662777426558,0.901064175229797,4.99263633979382,8.3845179347665,"Boreal Forests/Taiga"
4363,6.66642560332401,35.8068642714383,5.77453759155143,13.4011234820162,38.3510490516701,"Boreal Forests/Taiga"
4391,15.3387106460161,33.9952239019857,12.1485132864455,17.2188390516565,21.2987131138961,"Boreal Forests/Taiga"
4392,90.2607678477381,1.71125296796816,0.576622822721206,3.45251283625139,3.99884352532119,"Boreal Forests/Taiga"
4393,47.3337638192339,11.0091318824147,3.15019811891372,14.6929109491574,23.8139952302802,"Boreal Forests/Taiga"
4405,2.45331996100729,64.2328370800335,2.08694812144303,11.2231256793149,20.0037691582013,"Boreal Forests/Taiga"
4415,42.115310021344,24.0911818486443,0.749788071743854,10.9378758171984,22.1058442410695,"Boreal Forests/Taiga"
4420,14.7170474171991,9.76595118606057,3.63690929923996,16.1804334614838,55.6996586360166,"Boreal Forests/Taiga"
4443,60.1941437095862,10.1804565215867,1.63866799731138,12.200355495313,15.7863762762027,"Boreal Forests/Taiga"
4468,4.75909796677473,24.1503491452116,1.64766976156471,35.6385677279151,33.8043153985339,"Boreal Forests/Taiga"
4472,11.5878283854367,8.68612363188208,4.80428488890458,52.1455211130397,22.776241980737,"Boreal Forests/Taiga"
4481,17.5736316840159,10.2926604461309,1.88244076556547,22.6203385523345,47.6309285519532,"Boreal Forests/Taiga"
4498,55.6718022868255,4.81163548126014,1.6205481795686,5.88437533721901,32.0116387151267,"Boreal Forests/Taiga"
4539,15.0713045352896,28.7705132463076,15.3574934564429,19.3850076752006,21.4156810867592,"Boreal Forests/Taiga"
4542,6.3042799048891,58.765198459869,0.600366119511899,8.1156215637577,26.2145339519724,"Boreal Forests/Taiga"
4543,37.7193672508775,13.8530755554123,8.21008408284034,12.3104736492419,27.906999461628,"Boreal Forests/Taiga"
15140,5.09796520265771,37.7333778186211,18.5744295710545,27.6452006539073,10.9490267537594,"Boreal Forests/Taiga"
15157,6.63619403169403,20.509671105501,1.44293964167762,53.097422687022,18.3137725341054,"Boreal Forests/Taiga"
15175,17.4292789992928,22.662703526627,5.20670867706709,43.2679190826792,11.4333897143339,"Boreal Forests/Taiga"
15189,6.63802644368418,18.5681864725397,1.3378611836112,24.5431357493466,48.9127901508183,"Boreal Forests/Taiga"
15342,3.21815398802478,28.2729185304262,1.56801709033753,6.68418339823441,60.2567269929771,"Boreal Forests/Taiga"
15399,19.5495063090239,17.4728580211912,7.04723851526902,27.6622717932683,28.2681253612476,"Boreal Forests/Taiga"
15406,1.78525159642302,12.4809395247713,1.8267414469209,34.7707077172485,49.1363597146363,"Boreal Forests/Taiga"
15413,5.89468973240518,8.33460780412142,1.32980176112537,42.4263259355321,42.0145747668159,"Boreal Forests/Taiga"
15417,16.7452633163316,41.2976372882598,6.83864758338407,7.56506674379701,27.5533850682275,"Boreal Forests/Taiga"
15420,10.74149805,10.26796265,1.55369215,9.110809875,68.326037275,"Boreal Forests/Taiga"
15462,11.5966012047473,12.4465764929219,12.1396695631649,13.1939685045065,50.6231842346593,"Boreal Forests/Taiga"
15597,16.476826641251,6.34046202891017,20.8731114219321,11.3012162864925,45.0083836214143,"Boreal Forests/Taiga"
15627,2.79569199841392,1.55799741304823,0.917574282684685,55.8632472553547,38.8654890504985,"Boreal Forests/Taiga"
15630,57.3552074702076,9.4786609454977,3.59781467931256,1.0457042689872,28.522612635995,"Boreal Forests/Taiga"
15635,33.7541437630898,2.15430748168839,20.1028593791257,2.73185372677924,41.2568356493169,"Boreal Forests/Taiga"
15700,10.5627466068683,10.6090206842368,7.13440518487181,5.12510923773082,66.5687182862922,"Boreal Forests/Taiga"
15724,3.90377814588312,20.9761855014761,1.20920785660257,33.6227939397015,40.2880345563368,"Boreal Forests/Taiga"
15730,4.68588123897994,26.5213297525878,0.732448937354896,4.70988169020397,63.3504583808734,"Boreal Forests/Taiga"
15819,22.6735064120465,5.35334081201257,18.4598656755597,14.387713667276,39.1255734331052,"Boreal Forests/Taiga"
15947,2.59118555569402,41.9180145195412,1.15209385437767,32.7085471511088,21.6301589192783,"Boreal Forests/Taiga"
15950,21.5276589197893,16.1253030811101,5.97296399980613,35.276528904559,21.0975450947355,"Boreal Forests/Taiga"
